2	23	3							
0	6								
0	6								
0	6								
1	13	45	1	1	4	1	2	4	8
2	44	30	1	1	4	1	2	4	8
3	83	17	1	1	4	1	2	4	8
4	15	79	1	1	4	1	2	4	8
5	45	67	1	1	4	1	2	4	8
6	89	48	1	1	4	1	2	4	8
7	130	32	1	1	4	1	2	4	8
8	30	106	1	1	4	1	2	4	8
9	74	80	1	1	4	1	2	4	8
10	138	71	1	1	4	1	2	4	8
11	26	152	1	1	4	1	2	4	8
12	66	124	1	1	4	1	2	4	8
13	114	105	1	1	4	1	2	4	8
14	166	106	1	1	4	1	2	4	8
15	16	191	1	1	4	1	2	4	8
16	65	176	1	1	4	1	2	4	8
17	99	150	1	1	4	1	2	4	8
18	151	141	1	1	4	1	2	4	8
19	41	208	1	1	4	1	2	4	8
20	90	210	1	1	4	1	2	4	8
21	120	187	1	1	4	1	2	4	8
22	75	252	1	1	4	1	2	4	8
23	115	250	1	1	4	1	2	4	8
24	18	248	0	0	0	0			
25	175	226	0	0	0	0			
